99   99   98   98   97   97   96   95   95   93   
62   62   61   60   59   58   57   56   55   93   
63   36   35   35   35   33   32   30   53   93   
65   36   16   14   14   13   12   29   52   90   
65   36   17   4   4   4   11   27   51   90   
66   38   18   5   0   3   11   27   51   89   
66   39   18   7   8   8   10   25   51   88   
68   41   19   20   21   21   22   25   51   86   
69   43   43   44   45   47   47   49   50   86   
69   71   74   77   78   80   81   83   83   86   
